((("import" .
   [1 0 0 0 0 0])
  ("name" .
   [3 0 0 0])
  ("require_relative" .
   [1 0 0 0 0 0 0 0 0 0 0 0 0 0 0 0])
  ("dabbrev-expand" .
   [0 0 0 0 0 0 0 0 1 0 0 0 0 0])
  ("yas/expand" .
   [1 0 0 0 0 0 0 0 0 0])
  ("GameWindow" .
   [1 0 0 0 0 0 0 0 0 0])
  ("Gosu::Window" .
   [0 0 0 0 0 0 1 0 0 0 0 0])
  ("draw" .
   [3 0 0 0])
  ("95" .
   [5 0])
  ("vel_y" .
   [1 0 0 0 0])
  ("vel_x" .
   [2 0 0 0 0])
  ("16" .
   [1 0])
  ("HEIGHT" .
   [3 0 0 0 0 0])
  ("WIDTH" .
   [3 0 0 0 0])
  ("define" .
   [2 0 0 0 0 0])
  ("1920" .
   [3 0 0 0])
  ("1080" .
   [4 0 0 0])
  ("1024" .
   [1 0 0 0])
  ("format" .
   [1 0 0 0 0 0])
  ("Uint8" .
   [1 0 0 0 0])
  ("SDL" .
   [1 0 0])
  ("NULL" .
   [1 0 0 0])
  ("while" .
   [1 0 0 0 0])
  ("SDL_Quit" .
   [0 0 0 0 0 1 0 0])
  ("fopen" .
   [0 0 0 1 0])
  ("speed" .
   [2 0 0 0 0])
  ("rand" .
   [2 0 0 0])
  ("stars" .
   [7 0 0 0 2])
  ("for" .
   [3 0 1])
  ("screen" .
   [9 0 0 0 0 0])
  ("int" .
   [1 0 0])
  ("MAX_STARS" .
   [0 0 0 2 1 0 0 0 0])
  ("star_type" .
   [2 0 0 0 0 0 0 0 0])
  ("struct" .
   [2 0 0 1 0 0])
  ("include" .
   [0 0 0 2 0 0 0])
  ("inc" .
   [2 0 0])
  ("if" .
   [9 1])
  ("120px" .
   [1 0 0 0 0])
  ("width" .
   [1 0 0 0 0])
  ("red" .
   [2 0 0])
  ("right" .
   [1 1 0 0 0])
  ("absolute" .
   [0 0 1 0 0 0 0 0])
  ("amount" .
   [1 0 0 0 0 0])
  ("year0" .
   [1 0 0 0 0])
  ("total_account" .
   [2 0 0 0 0 0 0 0 0 0 0 0 0])
  ("1700" .
   [1 0 0 0])
  ("1000" .
   [1 0 0 0])
  ("500" .
   [2 0 0])
  ("code" .
   [1 0 0 0])
  ("debugger" .
   [5 0 0 0 0 0 0 0])
  ("1100" .
   [1 0 0 0])
  ("trading_total_after_tax" .
   [1 0 0 0 0 0 0 0 0 0 0 0 0 0 0 0 0 0 0 0 0 0 0])
  ("total_accumulated_profits" .
   [1 0 0 0 0 0 0 0 0 0 0 0 0 0 0 0 0 0 0 0 0 0 0 0 0])
  ("519" .
   [1 0 0])
  ("100" .
   [1 0 0])
  ("501" .
   [1 0 0])
  ("50" .
   [1 1])
  ("1" .
   [6])
  ("5" .
   [2])
  ("19" .
   [1 0])
  ("split_position_name" .
   [1 0 0 0 0 0 0 0 0 0 0 0 0 0 0 0 0 0 0])
  ("_" .
   [1])
  ("split_position_yr" .
   [4 0 0 0 0 0 0 0 0 0 0 0 0 0 0 0 0])
  ("split_position" .
   [1 0 0 0 0 0 0 0 0 0 0 0 0 0])
  ("false" .
   [8 0 0 0 0])
  ("inquiry" .
   [2 0 0 0 0 0 0])
  ("catering_email" .
   [1 0 0 0 0 0 0 0 0 0 0 0 0 0])
  ("20px" .
   [4 0 0 0])
  ("30px" .
   [1 0 0 0])
  ("margin" .
   [1 0 0 0 0 0])
  ("padding" .
   [1 0 0 0 0 0 0])
  ("0" .
   [10])
  ("10px" .
   [2 0 0 0])
  ("left" .
   [3 0 0 0])
  ("eieio" .
   [1 0 0 0 0])
  ("require" .
   [2 0 0 0 0 0 0])
  ("Git" .
   [1 0 0])
  ("multi-term" .
   [1 0 0 0 0 0 0 0 0 0])
  ("tree." .
   [0 0 0 0 1])
  ("undo" .
   [1 0 0 0])
  ("test" .
   [2 0 0 0])
  ("upcase" .
   [2 0 0 0 0 0])
  ("lambda" .
   [2 0 0 0 1 0])
  ("setq" .
   [7 0 0 0])
  ("add-hook" .
   [1 0 0 0 0 0 0 1])
  ("org-mode-hook" .
   [0 0 0 0 0 0 0 0 0 1 0 0 1])
  ("auto-save-mode" .
   [1 0 0 0 0 0 0 0 0 0 0 0 0 0])
  ("nil" .
   [3 0 0])
  ("<" .
   [1])
  ("and" .
   [1 0 0])
  ("is" .
   [1 0])
  ("null" .
   [1 0 0 0])
  ("end" .
   [1 0 0])
  ("all" .
   [1 0 0])
  ("diocese" .
   [3 0 0 0 0 0 0])
  ("dr_name" .
   [1 0 0 0 0 0 0])
  ("nil?" .
   [5 0 0 0])
  ("70px" .
   [2 0 0 0])
  ("global-auto-revert-mode" .
   [0 0 0 0 0 0 0 0 1 0 0 0 0 0 0 0 0 0 0 0 0 0 0])
  ("lsh" .
   [0 0 1])
  ("add-to-list" .
   [0 0 0 0 0 0 0 0 0 0 1])
  ("load-path" .
   [0 0 0 0 0 0 0 0 1])
  ("load-file" .
   [1 0 0 0 0 0 0 0 0])
  ("last_x" .
   [4 0 0 0 0 0])
  ("last_y" .
   [2 0 0 0 0 0])
  ("hit_cnt" .
   [1 0 0 0 0 0 0])
  ("2" .
   [9])
  ("30" .
   [3 0])
  ("4" .
   [2])
  ("Gosu::default_font_name" .
   [0 0 0 0 0 0 0 0 0 0 0 0 0 0 0 0 0 1 0 0 0 0 0])
  ("10" .
   [14 0])
  ("window" .
   [1 0 0 0 0 0])
  ("attack_message" .
   [8 0 0 0 0 0 0 0 0 0 0 0 0 0])
  ("true" .
   [7 0 0 0])
  ("message" .
   [1 0 0 0 0 0 0])
  (":show" .
   [1 0 0 0 0])
  ("text" .
   [1 0 0 0])
  ("3" .
   [2])
  ("Chingu::Window" .
   [0 0 0 0 0 0 0 1 0 0 0 0 0 0])
  ("points" .
   [1 0 0 0 0 0])
  ("http_response" .
   [0 0 0 0 0 0 0 0 0 1 0 0 0])
  ("download_mlug" .
   [1 0 0 0 0 0 0 0 0 0 0 0 0])
  ("f11" .
   [1 0 0])
  ("f1" .
   [1 0])
  ("ruby" .
   [1 0 0 0])
  ("org-todo-keywords" .
   [0 0 0 0 0 0 0 0 0 0 0 0 0 0 0 1 0])
  ("org-support-shift-select" .
   [0 0 0 0 0 0 0 0 0 1 0 0 0 0 0 0 0 0 0 0 0 0 0 0])
  ("find_by_name" .
   [0 0 0 0 0 0 0 0 1 0 0 0])
  ("clergies" .
   [1 0 0 0 0 0 0 0])
  ("clergy_names" .
   [1 0 0 0 0 0 0 0 0 0 0 0])
  ("clergy_names_csv" .
   [0 0 0 0 0 0 0 0 0 0 0 0 0 0 1 0])
  ("empty?" .
   [1 0 0 0 0 0])
  ("text_box" .
   [14 0 0 0 0 0 1 0])
  ("58" .
   [2 0])
  ("at:" .
   [7 0 0])
  ("70" .
   [1 0])
  ("cursor" .
   [2 0 0 0 0 0])
  ("20" .
   [7 0])
  ("250" .
   [1 0 0])
  ("to_i" .
   [1 0 0 0])
  (":" .
   [1])
  ("entry_size" .
   [1 0 0 0 0 0 0 0 0 0])
  ("75" .
   [1 0])
  ("400" .
   [1 0 0])
  ("to_s" .
   [1 0 0 0])
  ("each_with_index" .
   [0 0 0 0 0 0 0 0 0 1 0 0 0 0 0])
  ("count" .
   [1 0 0 0 0])
  ("full_postal_address" .
   [1 0 0 0 0 0 0 0 0 0 0 0 0 0 0 0 0 0 0])
  ("compression" .
   [1 0 0 0 0 0 0 0 0 0 0])
  ("snake" .
   [31 0 0 1 0])
  ("newPos" .
   [4 0 0 1 0 0])
  ("snakeBits" .
   [4 0 0 0 0 0 0 0 0])
  ("each" .
   [5 0 0 0])
  ("function" .
   [5 0 0 0 1 1 1 0])
  ("isEqual" .
   [3 0 0 1 0 0 0])
  ("console" .
   [2 0 0 0 1 0 0])
  ("log" .
   [3 0 0])
  ("io" .
   [3 0])
  ("sockets" .
   [1 0 0 0 0 0 0])
  ("emit" .
   [1 0 0 0])
  ("return" .
   [5 0 0 0 0 0])
  ("this" .
   [28 0 0 0])
  ("food" .
   [5 0 0 0])
  ("push" .
   [3 0 0 0])
  ("pos" .
   [10 0 0])
  ("var" .
   [3 0 0])
  ("that" .
   [13 0 0 0])
  ("alive" .
   [10 0 0 0 0])
  ("character" .
   [2 0 0 0 0 0 0 0 0])
  ("length" .
   [2 0 0 0 0 0])
  ("zombie" .
   [5 0 0 0 0 0])
  ("socket" .
   [4 0 0 0 0 0])
  ("random" .
   [4 0 0 0 0 0])
  ("case" .
   [2 0 0 0])
  ("break" .
   [1 0 0 0 0])
  ("s" .
   [2])
  ("positions" .
   [3 0 0 0 0 0 0 0 0])
  ("t" .
   [1])
  ("snakes" .
   [3 0 0 0 0 0])
  ("reject" .
   [1 0 0 0 0 0])
  ("placeFood" .
   [0 0 0 0 0 0 0 0 1])
  ("foo" .
   [1 0 0])
  ("position" .
   [1 0 0 0 0 0 0 0])
  ("bit" .
   [2 0 0])
  ("color" .
   [8 0 0 0 0])
  ("parseInt" .
   [0 0 0 0 0 2 0 0])
  ("Math" .
   [2 0 0 0])
  ("128" .
   [1 0 0])
  ("green" .
   [2 0 0 0 0])
  ("randomColor" .
   [1 0 0 0 0 0 0 0 0 0 0])
  ("254" .
   [1 0 0])
  ("colors" .
   [2 0 0 0 0 0])
  ("undefined" .
   [0 0 1 0 0 1 0 0 0])
  ("invincible" .
   [0 0 2 3 0 0 0 0 0 4])
  ("else" .
   [2 0 0 0])
  ("realcolor" .
   [0 0 0 0 1 0 0 0 0])
  ("setInterval" .
   [0 0 0 0 0 1 0 0 0 0 0])
  ("randomPos" .
   [0 0 0 0 1 0 0 0 1])
  ("invincibleToken" .
   [1 0 0 0 0 0 0 0 0 0 0 2 1 0 0])
  ("result" .
   [2 0 0 0 0 0])
  ("invinciblePos" .
   [1 0 0 1 0 0 0 0 0 0 0 0 1])
  ("placeInvincible" .
   [0 0 1 1 0 0 0 0 0 0 0 0 0 0 1])
  ("40" .
   [1 0])))
