((("70px" .
   [1 0 0 0])
  ("nil?" .
   [1 0 0 0])
  ("dr_name" .
   [1 0 0 0 0 0 0])
  ("diocese" .
   [3 0 0 0 0 0 0])
  ("all" .
   [1 0 0])
  ("end" .
   [1 0 0])
  ("null" .
   [1 0 0 0])
  ("is" .
   [1 0])
  ("and" .
   [1 0 0])
  ("<" .
   [1])
  ("nil" .
   [1 0 0])
  ("auto-save-mode" .
   [1 0 0 0 0 0 0 0 0 0 0 0 0 0])
  ("org-mode-hook" .
   [0 0 0 0 0 0 0 0 0 1 0 0 1])
  ("add-hook" .
   [1 0 0 0 0 0 0 1])
  ("setq" .
   [3 0 0 0])
  ("lambda" .
   [2 0 0 0 1 0])
  ("upcase" .
   [2 0 0 0 0 0])
  ("test" .
   [1 0 0 0])
  ("undo" .
   [1 0 0 0])
  ("tree." .
   [0 0 0 0 1])
  ("multi-term" .
   [1 0 0 0 0 0 0 0 0 0])
  ("Git" .
   [1 0 0])
  ("require" .
   [1 0 0 0 0 0 0])
  ("eieio" .
   [1 0 0 0 0])
  ("left" .
   [2 0 0 0])
  ("10px" .
   [1 0 0 0])
  ("0" .
   [5])
  ("padding" .
   [1 0 0 0 0 0 0])
  ("margin" .
   [1 0 0 0 0 0])
  ("30px" .
   [1 0 0 0])
  ("20px" .
   [3 0 0 0])
  ("catering_email" .
   [1 0 0 0 0 0 0 0 0 0 0 0 0 0])
  ("inquiry" .
   [2 0 0 0 0 0 0])
  ("false" .
   [1 0 0 0 0])
  ("split_position" .
   [1 0 0 0 0 0 0 0 0 0 0 0 0 0])
  ("split_position_yr" .
   [4 0 0 0 0 0 0 0 0 0 0 0 0 0 0 0 0])
  ("_" .
   [1])
  ("split_position_name" .
   [1 0 0 0 0 0 0 0 0 0 0 0 0 0 0 0 0 0 0])
  ("19" .
   [1 0])
  ("5" .
   [1])
  ("1" .
   [1])
  ("50" .
   [1 0])
  ("501" .
   [1 0 0])
  ("100" .
   [1 0 0])
  ("519" .
   [1 0 0])
  ("total_accumulated_profits" .
   [1 0 0 0 0 0 0 0 0 0 0 0 0 0 0 0 0 0 0 0 0 0 0 0 0])
  ("trading_total_after_tax" .
   [1 0 0 0 0 0 0 0 0 0 0 0 0 0 0 0 0 0 0 0 0 0 0])
  ("1100" .
   [1 0 0 0])
  ("debugger" .
   [3 0 0 0 0 0 0 0])
  ("code" .
   [1 0 0 0])
  ("500" .
   [2 0 0])
  ("1000" .
   [1 0 0 0])
  ("1700" .
   [1 0 0 0])
  ("total_account" .
   [2 0 0 0 0 0 0 0 0 0 0 0 0])
  ("year0" .
   [1 0 0 0 0])
  ("amount" .
   [1 0 0 0 0 0])))
